+----------------------------------------------------------------------------------------------------------------------------------------------------------------------------------------------------------------+
; Legal Partition Candidates                                                                                                                                                                                     ;
+-----------+-------+----------------+--------------+----------------+--------+-----------------+---------------+-----------------+-------+----------------+--------------+------------------+-------------------+
; Hierarchy ; Input ; Constant Input ; Unused Input ; Floating Input ; Output ; Constant Output ; Unused Output ; Floating Output ; Bidir ; Constant Bidir ; Unused Bidir ; Input only Bidir ; Output only Bidir ;
+-----------+-------+----------------+--------------+----------------+--------+-----------------+---------------+-----------------+-------+----------------+--------------+------------------+-------------------+
; inst8     ; 4     ; 7              ; 0            ; 7              ; 14     ; 7               ; 7             ; 7               ; 0     ; 0              ; 0            ; 0                ; 0                 ;
; inst2     ; 5     ; 6              ; 0            ; 6              ; 14     ; 6               ; 6             ; 6               ; 0     ; 0              ; 0            ; 0                ; 0                 ;
; inst6     ; 10    ; 0              ; 0            ; 0              ; 8      ; 0               ; 0             ; 0               ; 0     ; 0              ; 0            ; 0                ; 0                 ;
; inst3     ; 10    ; 0              ; 0            ; 0              ; 8      ; 0               ; 0             ; 0               ; 0     ; 0              ; 0            ; 0                ; 0                 ;
; inst5     ; 3     ; 1              ; 0            ; 1              ; 8      ; 1               ; 1             ; 1               ; 0     ; 0              ; 0            ; 0                ; 0                 ;
; inst4     ; 5     ; 0              ; 0            ; 0              ; 16     ; 0               ; 0             ; 0               ; 0     ; 0              ; 0            ; 0                ; 0                 ;
; inst      ; 33    ; 0              ; 0            ; 0              ; 10     ; 0               ; 0             ; 0               ; 0     ; 0              ; 0            ; 0                ; 0                 ;
; inst1     ; 5     ; 6              ; 0            ; 6              ; 14     ; 6               ; 6             ; 6               ; 0     ; 0              ; 0            ; 0                ; 0                 ;
+-----------+-------+----------------+--------------+----------------+--------+-----------------+---------------+-----------------+-------+----------------+--------------+------------------+-------------------+
